L0
11111111111111111111
1                  1
1                  1
1                  1
1                  1
1                  1
1                  1
1                  1
1                  1
1                  1
1                  1
1                  1
1                  1
1                  1
1                  1
1         C        1
1                  1
1      3111113     1
1X S    1   1     C1
11111111111111111111

L1
11111111111111111111
1               C  1
1S                 1
11111111111111113111
1                  1
1                  1
1                  1
11113111111111111111
1            3     1
1            1     1
1            1     1
11111111111111     1
1            1     1
1            1     1
1       1    1     1
1       1 X  11111 1
1       111131     1
1           C      1
1                  1
11111111111111111111

L2  // an intro level for ice
11111111111111111111
1       1X1        1
1       131        1
1       1 1        1
1       131        1
1       1C1        1
1       131        1
1       1 1        1
1       131        1
1       1 1        1
1       131        1
1       1C1        1
1       131        1
1       1 1        1
1       131        1
1       1 1        1
1       131        1
1       1 1        1
1S       31        1
11111111111111111111

L3 // swim climb
11111111111111111111
1X      3          1
11111111 3         1
1         3        1
1          3C      1
1           3      1
1            3     1
1             3    1
1              3   1
1               3  1
1                311
1       3          1
1      3 11111111111
1     3            1
1   C3             1
1   3              1
1  3               1
113                1
1S                 1
11111111111111111111

L4 
11111111111111111111
1C                 1
1                  1
1111111111         1
1            1111311
1            1     1
1            11 1111
1            1     1
1            1311111
1            1     1
1            1111 11
1            1     1
1            1131111
1            1     1
1            1 11111
1            1     1
1            1111131
1        C         1
1S                X1
11111111111111111111

L5
11111111111111111111
1           1      1
1           1      1
1           1      1
1           1      1
1           1      1
1           1      1
1           1      1
1           1      1
1           1      1
1          C1      1
1           13    X1
1         111 111111
1        11        1
1       11         1
1      11     C    1
1     11           1 
1                  1 
1                 S1 
11111111111111111111

L6 // Intro buttons with ice
11111111111111111111
1C     1 3  1     C1 
1      G    1     31 
13     1    1      1 
1 1   11    1      1
1      1    1      1
1B     11   1     B1
11111111    11111G11
1         11       1
1              3 1 1
1     11           1
1              B   1
111G1111    1G111111
13     1  111      1
1 11   1    11111  1
1      1    1      1
1S  11 11   1  1   1 
1      1    1 111  1 
1B     1 B  1     X1 
11111111111111111111

L7
11111111111111111111
1 S                1
1                  1
1                  1
1              C   1
1                  1
131111       11111 1
1              1   1
1              1   1
11             1   1
1              1   1
1111111111111111 111
1        X     1   1
1       111   31C  1
1              111 1
1              1   1
1             B1   1
1G11111111111111   1
1                 11
11111111111111111111

L8 // fast jumps dont melt
11111111111111111111
1                 X1
1                  1
1                  1
1 111      3       1
1                  1
11                 1
1                  1
1                C 1
1111    3   3   11 1
1                  1
1                 11 
1                  1
1 C                1
1 111  3  3  3  1111
1                  1
11                 1
1                  1
1S                 1
11111111111111111111

L9
11111111111111111111
1C  1   1   1   G  1
1   G   1       1 X1
111111G111G111111111
1 3 1   1   1   1  1
1   G   1   G      1
1   1   1   1   1  1
11 111111111111111G1
1   1   1   1 3 1  1
1     1     1   G  1
1   1   1   1   1  1
11 1111111G111 11111 
1   1   1   1   1 C1
1   1   G 1 G   1  1
1 B 1   1   1 B 1  1
1111111111G111111311
1  31   13  1   1  1
1   G 1     G      1
1S B1   1B  1   1B 1
11111111111111111111

// intro FIRE LEVELS
L10
11111111111111111111
1                  1
1                  1
1                  1
1                  1
1                  1
1                  1
1                  1
1                  1
1                  1
1       6666       1
1     66666666     1
1     66666666     1
1     66666666     1
1     66666666     1
1   C 66666666 C   1
1   111111111111   1
1   1          1   1
1S  1          1  X1
11111111111111111111

L11
11111111111111111111
1             6 3  1
1    66 66 6 66    1
1   66   666  6   X1
1  6 66  66   6  111
1  666   6 66666   1
1  6 66 66 6 6     1
1     666  66 6 C  1
1  6 6 666  66666  1
1  66666 6  66  6  1
1      666 66   C  1
1      66666       1
1       666        1
1        6         1
1        6         1
1        6         1
1        6         1
1S      666        1
1      66666       1
11111111111111111111

L12
11111111111111111111
1       3331       1
1          1       1
1     11   1       1
11    1    1       1
1     1    1       1
1     1            1
1 1   1       S    1
1     16666        1
1     16           1
1 1   16          X1
1     16         111
1     16           1
1 1    6           1
1      6           1
1C     6           1
11111666        C  1
1S                 1
1      1           1
11111111111111111111


L13
11111111111111111111
1                  1
1                  1
1                  1
1                  1
1  33 33 33 33 33  1
1       C  C       1
1                 X1
16666666666666666661
1        6         1
13111    6         1
1   1    6         1
1   1    6         1
1   1    6         1
11131    6         1
1        6         1
1       111        1
1       161        1
1       161       S1
11111111111111111111

L14
11111111111111111111
1   C              1
1 16661111111111   1
1 16              31
1 16               1
1 16            3  1
1 16               1
1 16               1
1 16               1
1 16              31
1X16               1
1116          13   1
1666               1
16S6   C    31     1
1666               1
1111111            1
1                  1
1      3           1
1                  1
11111111111111111111



// START OF MORE CHALLENGING LEVELS

L15 // kinda hard, shouldnt be intro
11111111111111111111
1                  1
1 1 111111111      1
1 131       1  C   1
1 131       11     1
1 131311     111   1
1 13131       1    1
1 13131       1   31
1 13131       1    1
1 13131       13   1
1 13131       1    1
1 13131       1   31
1 13131     1 1    1
1 1 C 1     1 13   1
1 1   1     1X1    1
1 11111     111   31
1            S1    1
1 11111111111113   1
1                  1
11111111111111111111

L16 // done. should be one of the harder levels
11111111111111111111
1  G  1            1
1  1  1        11  1
1  1  1         1  1
1  11 111   11  1  1
1  1       11      1
1  1               1
1  1               1
1 11               1
1  X11111111111111 1
1  1C              1
1  133333333111111 1
1  1            1  1
1G 1            1  1
1  1            1 11
1  1            1 11
1 11            1 11
1  16666666666666611
1 C1B111111111111S11
11111111111111111111

L17
11111111111111111111
1XG                1
11111111111111111131
1    1 G  131    1 1
1 S  1 1  1 1 1  131
1 1  1C1  1    1G1 1
1  1 11   1    1 131
1  1G1   1  611  1 1
131  1 1 1 61   1131
1 1  1G1 1  1 11   1
1B11   1   B1  1 111
1111111C111111 1   1
1       1   1  1G111
1  111111 1   1    1
1 1   1   1111    11
1   1   11 3 111G131
1 111111 1 1 3 1   1
1 13331    1 1  1  1
1  313G 1  1 1    B1
11111111111111111111

L18 // done, but can be way better
11111111111111111111
1                G 1
1  111111111111111 1
11 111111311111111X1
11                11
1  111111B1111111  1
131111111111111111 1
1 1111             1
1 111  111 11 11 111
1 11  1111         1
1G11 31111         1
1 111 1111         1
1 161 1111       1 1
1C1 1 111111     1 1
11    1   C1     1 1
11 1  1 1111111111 1
11 1  1            1
11 1  111111111111 1
1S 1               1
11111111111111111111

L19 // idea: has to interact with everything through walls
11111111111111111111
1C    1     1      1
1 111 1     1     31
1   1 1   11666666 1
111 1 1     1      1
1   1 1     1      1
1 111 1     1      1
1   1 1   1166666661
111 1 1     1      1
1   1 1     1      1
1 111 1     1      1
1   1 1   1166666661
111 1 1     1      1 
1   1 1     1      1 
1 111 1     1      1
1   1 1   111      1
111 1 1     1      1
1   1 1     1      1
1C1   G  S X1     B1
11111111111111111111

L20 // double jump up from ledges
11111111111111111111
1       S          1
1  11111111111111  1
1  1            1  1
1  1            1  1
1    111111111  1C 1
1    1          1  1
1    111        1  1
1    1C1           1
1    1X1           1
1    1 1           1
1                  1
1                  1
1                  1
1                  1
1       66     6   1
1  66 66666  6666  1
16666666666666666661
16666666666666666661
11111111111111111111

L21
11111111111111111111
1C       1        C1
1    1   1         1
1    1   11G       1
1    1   1         1
1    11  1         1
1      1G1         1
1  1       111111  1
1          1    1  1
1               G 11
1GG1        11     1
1                  1
1                  1
11                 1
1               S  1
1        11111111111
11      1666666666X1
1       166666666661
1       6666666666B1
11111111111111111111


L22
11111111111111111111
1                1C1
1  1 1 1 1       131
1          1     1G1
1          1       1
1111       1       1
1          111111111
1       3  1X      1
1          1       1
1          1       1
1       3  1       1
1          1    6  1
13         1    6  1
1         S111116  1
1        16666666  1
1133333333B  6     1
13333333331  6     1
13333333331  6666  1
1C333333331        1
11111111111111111111

L23
11111111111111111111
1                  1
1        6         1
1        6         1
1       666        1 
1C     66666      C1 
1     6666666      1
1     6666666      1
1 3   666S666   3  1
1       666        1
1                  1
1                  1
13333333333333333331
13333333333333333331
13333333333333333331
13333333333333333331
13333333333333333331
13333333333333333331
133333333X3333333331
11111111111111111111

L24
11111111111111111111
1         1        1
11G1      13       1
1C 1  1   1        1
1111     11        1
1         1        1
1     1   1        1
1         1        1
1   1     1        1
1         1        1
1      1  1        1
1         1        1
1   XS    1        1
1   1111111        1
1         1B       1
1111111   13       1
1         1        1
1G111111111        1
1        C1B       1
11111111111111111111


// Introduce? 
Movement, Collecting both gems before exiting
Jumping (do a few before getting into heat)

Melting Ice

Melting through walls

Swimming


L25 // Intro, moving (dont even need to jump)
11111111111111111111
1                  1
1                  1
1                  1
1                  1
1                  1
1                  1
1                  1
1                  1
1                  1
1                  1
1                  1
1                  1
1                  1
1                  1
1                  1
1                  1
1                  1
1XS       C       C1
11111111111111111111

L26 // Intro, single jumping (cant get stuck)
11111111111111111111
1                  1
1       1111       1
1 S     1111       1
111111111111111111 1
1                  1
1                  1
1                  1
1C111111    11111111
1      1    1X     1
1      1   111111  1
1      1    1     11
1      111111      1
1         C      111
1                  1
1 111111  1  11111 1
1         1        1
11                 1
11                 1
11111111111111111111

L27 // Intro, double jumping (cant get stuck)
11111111111111111111
1                 C1
1                  1
1                  1
1                  1
1             111  1
1             1 1  1
1             1 1  1
1             1 1  1
1         111 1 1  1
1         1 1 1 1  1
1         1 1 1 1  1
1      C  1 1 1 1  1
1     111 1 1 1 1  1
1     1 1 1 1 1 1  1 
1     1 1 1 1 1 1  1
1 111 1 1 1 1 1 1  1
1 1 1 1 1 1 1 1 1  1
1S                X1
11111111111111111111

L28 // Intro, ice
11111111111111111111
1                  1
1                  1
1          33      1
1 S    3  333      1
1111111111111111  11
1C                 1
1                  1
1                  1
1   3   3   3      1
1                  1
1                111
1                1C1
1 111111111111111131
1  1               1
1 113111111111111111
1  1               1
1 111111111111311111
1                 X1
11111111111111111111

L29
11111111111111111111
1  C  1  3  1  C   1
1 111 1     1 111G11
1 1             1  1
1 1             1  1
1G1   S         1  1
1 1             11 1
1 1111111 11111 1  1
1       1 1     1  1
1111111 1 1     1 G1
1       1 111   1  1
1 1111111 1     1  1
1 1     1 1     11 1
1 1     1 1   111  1
1 1     1 1     1  1
1G1     1 1 11  1GG1
1 1   111 1 1X  1  1
1 11111     11111  1
1       1B1        1
11111111111111111111
